[gd_scene format=3 uid="uid://dbxdj5a6qvbyv"]

[ext_resource type="Texture2D" uid="uid://d223qxjvy58hj" path="res://assets/textures/grids/Dark/texture_09.png" id="1_tkth7"]
[ext_resource type="PackedScene" uid="uid://coinnqhleha3v" path="res://examples/navigation/navigation_npc.tscn" id="2_n1vrj"]

[sub_resource type="ProceduralSkyMaterial" id="ProceduralSkyMaterial_n1vrj"]
sky_horizon_color = Color(0.66224277, 0.6717428, 0.6867428, 1)
ground_horizon_color = Color(0.66224277, 0.6717428, 0.6867428, 1)

[sub_resource type="Sky" id="Sky_un525"]
sky_material = SubResource("ProceduralSkyMaterial_n1vrj")

[sub_resource type="Environment" id="Environment_3xah6"]
background_mode = 2
sky = SubResource("Sky_un525")
tonemap_mode = 2
glow_enabled = true

[sub_resource type="NavigationMesh" id="NavigationMesh_tkth7"]
vertices = PackedVector3Array(1.25, 0.5, -2.5, 0.75, 0.5, -2, 1, 0.5, -1.75, 2.25, 0.5, -2, 4, 0.5, 0, 4.5, 0.5, -4.5, 1, 0.5, -3.75, 4, 0.5, 3.5, 2.25, 0.5, 4.5, 4.5, 0.5, 4.5, 4, 0.5, 1, 3.25, 0.5, 1.25, 4, 0.5, 2.25, -4.5, 0.5, -2, -2.5, 0.5, -2, -2.5, 0.5, -2.75, -4.5, 0.5, -4.5, -0.5, 0.5, -4.25, 0.5, 0.5, -1.25, -1, 0.5, -0.75, 1, 0.5, 1.25, 0.75, 0.5, 2.25, 2, 0.5, 2, 0.5, 0.5, 0, -1, 0.5, -0.5, -4.5, 0.5, 4.5, -1, 0.5, 3, -2.75, 0.5, 1.25, -2.75, 0.5, 0.5, -2, 0.5, -0.5, -1.75, 0.5, -0.75, 0.75, 0.5, 4.5, 0.25, 0.5, 3)
polygons = [PackedInt32Array(1, 0, 2), PackedInt32Array(2, 0, 3), PackedInt32Array(6, 5, 3), PackedInt32Array(3, 5, 4), PackedInt32Array(9, 8, 7), PackedInt32Array(12, 11, 10), PackedInt32Array(15, 14, 13), PackedInt32Array(3, 0, 6), PackedInt32Array(9, 7, 12), PackedInt32Array(13, 16, 15), PackedInt32Array(15, 16, 17), PackedInt32Array(9, 12, 10), PackedInt32Array(5, 6, 17), PackedInt32Array(10, 4, 9), PackedInt32Array(9, 4, 5), PackedInt32Array(16, 5, 17), PackedInt32Array(2, 18, 1), PackedInt32Array(1, 18, 19), PackedInt32Array(21, 20, 22), PackedInt32Array(22, 20, 23), PackedInt32Array(23, 20, 24), PackedInt32Array(25, 27, 26), PackedInt32Array(29, 28, 14), PackedInt32Array(14, 28, 13), PackedInt32Array(19, 18, 24), PackedInt32Array(24, 18, 23), PackedInt32Array(28, 27, 13), PackedInt32Array(13, 27, 25), PackedInt32Array(19, 24, 30), PackedInt32Array(30, 24, 29), PackedInt32Array(32, 31, 26), PackedInt32Array(26, 31, 25), PackedInt32Array(14, 30, 29)]

[sub_resource type="StandardMaterial3D" id="StandardMaterial3D_s707h"]
albedo_texture = ExtResource("1_tkth7")
uv1_triplanar = true
uv1_world_triplanar = true

[node name="Main" type="Node3D" unique_id=184852200]

[node name="DirectionalLight3D" type="DirectionalLight3D" parent="." unique_id=129878340]
transform = Transform3D(-0.8660254, -0.43301278, 0.25, 0, 0.49999997, 0.86602545, -0.50000006, 0.75, -0.43301266, 0, 0, 0)
shadow_enabled = true

[node name="WorldEnvironment" type="WorldEnvironment" parent="." unique_id=34416185]
environment = SubResource("Environment_3xah6")

[node name="Camera3D" type="Camera3D" parent="." unique_id=1446801651]
transform = Transform3D(1, 0, 0, 0, 0.7541941, 0.6566516, 0, -0.6566516, 0.7541941, 0, 9.101727, 7.5384064)

[node name="navigation_npc" parent="." unique_id=1975219428 instance=ExtResource("2_n1vrj")]
transform = Transform3D(1, 0, 0, 0, 1, 0, 0, 0, 1, 0, 1, 0)

[node name="NavigationRegion3D" type="NavigationRegion3D" parent="." unique_id=254143386]
navigation_mesh = SubResource("NavigationMesh_tkth7")

[node name="CSGBox3D" type="CSGBox3D" parent="NavigationRegion3D" unique_id=1845521440]
transform = Transform3D(1, 0, 0, 0, 1, 0, 0, 0, 1, 0, -0.5, 0)
use_collision = true
size = Vector3(10, 1, 10)
material = SubResource("StandardMaterial3D_s707h")

[node name="CSGBox3D2" type="CSGBox3D" parent="NavigationRegion3D" unique_id=2043415688]
transform = Transform3D(0.8119511, 0, 0.58372545, 0, 1, 0, -0.58372545, 0, 0.8119511, -0.6520996, 0.5, -2.5685778)
size = Vector3(2.3041992, 1, 1)

[node name="CSGBox3D4" type="CSGBox3D" parent="NavigationRegion3D" unique_id=1729993860]
transform = Transform3D(-0.641356, 0, 0.76724344, 0, 1, 0, -0.76724344, 0, -0.641356, 2.1611116, 0.5, -0.073811054)
size = Vector3(2.3041992, 1, 1)

[node name="CSGBox3D5" type="CSGBox3D" parent="NavigationRegion3D" unique_id=666066711]
transform = Transform3D(0.915452, 0, 0.40242723, 0, 1, 0, -0.40242723, 0, 0.915452, 2.1611116, 0.5, 3.120349)
size = Vector3(2.3041992, 1, 1)

[node name="CSGBox3D3" type="CSGBox3D" parent="NavigationRegion3D" unique_id=1030410112]
transform = Transform3D(0.73823166, 0, -0.67454726, 0, 1, 0, 0.67454726, 0, 0.73823166, -0.89926624, 0.5, 1.2760415)
size = Vector3(2.3041992, 1, 1)
